GAT
0.840376 0.793846 0.688347 0.689119 0.637778 0.641138 0.670433 0.696809 0.6816 0.71875 0.693767 0.693136 0.70403 0.705
0.830986 0.793846 0.658537 0.663212 0.631111 0.634573 0.65725 0.679078 0.6624 0.721875 0.697832 0.697174 0.701511 0.7025
0.816901 0.784615 0.685637 0.689119 0.644444 0.647702 0.672316 0.680851 0.688 0.73125 0.677507 0.676985 0.698992 0.7
0.840376 0.8 0.685637 0.696891 0.624444 0.628009 0.6629 0.687943 0.6592 0.696875 0.696477 0.695828 0.695214 0.69625
0.816901 0.796923 0.677507 0.683938 0.62 0.625821 0.676083 0.689716 0.6624 0.715625 0.695122 0.694482 0.709068 0.71
GATv2
0.807512 0.790769 0.644986 0.647668 0.62 0.623632 0.666667 0.70922 0.7024 0.73125 0.699187 0.69852 0.720403 0.72125
0.826291 0.796923 0.666667 0.668394 0.6 0.601751 0.642185 0.659574 0.6464 0.725 0.676152 0.675639 0.712846 0.71375
0.830986 0.781538 0.666667 0.668394 0.62 0.617068 0.649718 0.673759 0.6608 0.692188 0.661247 0.660834 0.710327 0.71125
0.816901 0.793846 0.663957 0.668394 0.617778 0.623632 0.66855 0.673759 0.6592 0.717188 0.659892 0.659489 0.702771 0.70375
0.821596 0.790769 0.661247 0.668394 0.62 0.625821 0.677966 0.680851 0.6912 0.701562 0.682927 0.682369 0.707809 0.70875
GraphSAGE
0.812207 0.8 0.539295 0.549223 0.531111 0.536105 0.589454 0.618794 0.6144 0.670312 0.631436 0.631225 0.673804 0.67625
0.821596 0.793846 0.501355 0.515544 0.54 0.547046 0.608286 0.617021 0.6256 0.65625 0.626016 0.625841 0.662469 0.66375
0.807512 0.781538 0.552846 0.562176 0.551111 0.560175 0.59887 0.606383 0.608 0.6625 0.611111 0.611036 0.65995 0.66125
0.821596 0.8 0.547425 0.559585 0.526667 0.536105 0.606403 0.62766 0.6208 0.660938 0.630081 0.629879 0.666247 0.6675
0.830986 0.812308 0.542005 0.554404 0.56 0.560175 0.59322 0.601064 0.6128 0.65625 0.634146 0.633917 0.680101 0.68125
GCN
0.830986 0.796923 0.672087 0.676166 0.66 0.66302 0.698682 0.703901 0.688 0.7375 0.718157 0.717362 0.731738 0.7325
0.816901 0.793846 0.699187 0.702073 0.64 0.643326 0.679849 0.689716 0.6944 0.742188 0.712737 0.711978 0.719144 0.72
0.821596 0.8 0.674797 0.683938 0.628889 0.634573 0.679849 0.687943 0.6976 0.720312 0.686992 0.686406 0.707809 0.70875
0.830986 0.803077 0.680217 0.683938 0.635556 0.641138 0.6742 0.696809 0.6912 0.729688 0.692412 0.690444 0.7267 0.7275
0.821596 0.784615 0.677507 0.681347 0.628889 0.634573 0.677966 0.666667 0.6928 0.732812 0.695122 0.694482 0.70529 0.70625
SuperGAT
0.835681 0.784615 0.704607 0.707254 0.64 0.643326 0.696798 0.679078 0.6832 0.717188 0.705962 0.705249 0.707809 0.70875
0.821596 0.8 0.682927 0.686528 0.633333 0.63895 0.6742 0.691489 0.6784 0.710938 0.692412 0.69179 0.698992 0.7
0.835681 0.796923 0.672087 0.676166 0.613333 0.617068 0.691149 0.691489 0.6832 0.723438 0.686992 0.686406 0.712846 0.71375
0.830986 0.796923 0.680217 0.681347 0.633333 0.636761 0.664783 0.677305 0.6672 0.709375 0.677507 0.676985 0.701511 0.7025
0.816901 0.793846 0.642276 0.647668 0.631111 0.634573 0.65725 0.687943 0.6816 0.720312 0.699187 0.69852 0.707809 0.70875
GAT16
0.816901 0.8 0.710027 0.715026 0.657778 0.660832 0.698682 0.696809 0.6992 0.7375 0.714092 0.713324 0.72796 0.72875
0.821596 0.796923 0.712737 0.709845 0.64 0.645514 0.676083 0.695035 0.6912 0.732812 0.691057 0.690444 0.731738 0.7325
0.821596 0.790769 0.701897 0.702073 0.651111 0.649891 0.689266 0.680851 0.6944 0.746875 0.700542 0.699865 0.720403 0.72125
0.812207 0.796923 0.696477 0.694301 0.628889 0.632385 0.687382 0.673759 0.7104 0.745312 0.704607 0.703903 0.729219 0.73
0.821596 0.793846 0.699187 0.699482 0.653333 0.660832 0.679849 0.707447 0.7024 0.74375 0.719512 0.718708 0.715365 0.71625
RemindGCN
0.812207 0.784615 0.739837 0.733161 0.684444 0.689278 0.700565 0.700355 0.7216 0.729688 0.701897 0.701211 0.722922 0.725
0.821596 0.775385 0.691057 0.69171 0.697778 0.700219 0.698682 0.695035 0.7024 0.732812 0.726287 0.725437 0.724181 0.725
0.812207 0.781538 0.720867 0.720207 0.664444 0.667396 0.689266 0.705674 0.7088 0.71875 0.720867 0.717362 0.736776 0.7375
0.816901 0.803077 0.739837 0.733161 0.686667 0.691466 0.689266 0.705674 0.7184 0.745312 0.731707 0.730821 0.72796 0.72875
0.821596 0.787692 0.737127 0.727979 0.673333 0.676149 0.704331 0.712766 0.6976 0.71875 0.716802 0.716016 0.738035 0.7375
RemindGAT16
0.816901 0.787692 0.753388 0.748705 0.702222 0.704595 0.708098 0.725177 0.712 0.745312 0.734417 0.732167 0.760705 0.76125
0.816901 0.781538 0.728997 0.73057 0.66 0.66302 0.706215 0.719858 0.7248 0.745312 0.719512 0.718708 0.751889 0.7525
0.816901 0.803077 0.728997 0.725389 0.677778 0.678337 0.706215 0.714539 0.7056 0.740625 0.715447 0.713324 0.738035 0.73875
0.826291 0.790769 0.699187 0.699482 0.688889 0.691466 0.702448 0.714539 0.7184 0.754688 0.730352 0.728129 0.753149 0.7525
0.807512 0.803077 0.742547 0.73057 0.684444 0.68709 0.717514 0.728723 0.728 0.759375 0.718157 0.717362 0.743073 0.74375
RemindGraphSAGE
0.807512 0.787692 0.669377 0.673575 0.646667 0.649891 0.634652 0.657801 0.6624 0.703125 0.653117 0.652759 0.701511 0.7025
0.821596 0.796923 0.636856 0.639896 0.637778 0.643326 0.647834 0.652482 0.6576 0.685938 0.688347 0.685061 0.707809 0.70875
0.821596 0.790769 0.696477 0.699482 0.642222 0.647702 0.66855 0.663121 0.6608 0.685938 0.678862 0.678331 0.70403 0.705
0.816901 0.784615 0.691057 0.689119 0.644444 0.645514 0.629002 0.666667 0.672 0.695312 0.685637 0.685061 0.700252 0.70125
0.812207 0.784615 0.680217 0.678756 0.648889 0.654267 0.647834 0.654255 0.6544 0.670312 0.668022 0.667564 0.70403 0.70375
